255 255 255 255 255 255 255 255 255 255 255 255 255 255 255 255
255 214 153 153 153 153 153 153 153 153 153 153 153 153 214 255
255 153 139 184 184 184 183 174 172 181 184 184 184 139 153 255
255 153 184 242 242 223 170 175 143 166 221 242 242 184 153 255
255 153 184 242 236 153 162 165 152 162 157 241 242 184 153 255
255 153 184 243 211 115 138 152 155 156 160 220 243 184 153 255
255 153 184 243 200 156 138 167 145 169 168 206 243 184 153 255
255 153 184 244 197 145 150 138 142 180 160 207 244 184 153 255
255 153 184 244 197 162 142  84 119 153 131 222 244 184 153 255
255 153 184 243 240 151 130  65  97 156 184 244 243 184 153 255
255 153 184 243 244 233 169 103 106 136 245 244 243 184 153 255
255 153 184 242 243 244 215 111 107 139 244 243 242 184 153 255
255 153 184 242 242 243 224 102 102 153 243 242 242 184 153 255
255 153 139 184 184 184 157  79  98 182 184 184 184 139 153 255
255 214 153 153 153 153 153 153 153 153 153 153 153 153 214 255
255 255 255 255 255 255 255 255 255 255 255 255 255 255 255 255
255 255 255 255 255 255 255 255 255 255 255 255 255 255 255 255
255 214 153 153 153 153 153 153 153 153 153 153 153 153 214 255
255 153 138 182 182 182 183 172 173 180 182 182 182 138 153 255
255 153 182 240 240 221 172 172 213 182 218 240 240 182 153 255
255 153 182 240 234 170 161 177 192 194 206 241 240 182 153 255
255 153 182 242 218 195 175 196 194 131 199 225 242 182 153 255
255 153 182 243 217 181 192 219 200 162 190 219 243 182 153 255
255 153 183 244 169 157 196 133 144 197 171 205 244 183 153 255
255 153 183 244 216 197 137 136 127 142 189 229 244 183 153 255
255 153 182 243 244 208 131 116  85 152 232 247 243 182 153 255
255 153 182 242 246 241 166  89  78 128 250 246 242 182 153 255
255 153 182 240 243 246 216 100  97 130 246 243 240 182 153 255
255 153 182 240 240 242 223  89  89 145 242 240 240 182 153 255
255 153 138 182 182 182 153  69  90 181 182 182 182 138 153 255
255 214 153 153 153 153 153 153 153 153 153 153 153 153 214 255
255 255 255 255 255 255 255 255 255 255 255 255 255 255 255 255
255 255 255 255 255 255 255 255 255 255 255 255 255 255 255 255
255 214 153 153 153 153 153 153 153 153 153 153 153 153 214 255
255 153 133 175 175 175 176 168 166 173 175 175 175 133 153 255
255 153 175 231 231 213 159 155 221 184 211 231 231 175 153 255
255 153 175 231 231 173 166 172 204 184 168 235 231 175 153 255
255 153 175 234 220 228 134 166 194 197 183 216 234 175 153 255
255 153 175 237 202 191 194 219 214 188 180 204 237 175 153 255
255 153 176 239 212 206 203 123 130 184 162 196 239 176 153 255
255 153 176 239 207 183 128 144 106 145 215 218 239 176 153 255
255 153 175 237 241 168 125 148 103 143 251 244 237 175 153 255
255 153 175 234 241 236 157  81  99 115 248 241 234 175 153 255
255 153 175 231 237 242 211  86  82 117 242 237 231 175 153 255
255 153 175 231 231 235 216  73  73 132 235 231 231 175 153 255
255 153 133 175 175 175 145  57  79 174 175 175 175 133 153 255
255 214 153 153 153 153 153 153 153 153 153 153 153 153 214 255
255 255 255 255 255 255 255 255 255 255 255 255 255 255 255 255

255 255 255 255 255 255 255 255 255 255 255 255 255 255 255 255
255 214 153 153 153 153 153 153 153 153 153 153 153 153 214 255
255 153 139 184 184 184 184 184 184 184 184 184 184 139 153 255
255 153 184 242 242 243 243 244 244 243 243 242 242 184 153 255
255 153 184 242 241 220 206 207 222 244 244 243 242 184 153 255
255 153 184 221 157 160 168 160 131 184 245 244 243 184 153 255
255 153 181 166 162 156 169 180 153 156 136 139 153 182 153 255
255 153 172 143 152 155 145 142 119  97 106 107 102  98 153 255
255 153 174 175 165 152 167 138  84  65 103 111 102  79 153 255
255 153 183 170 162 138 138 150 142 130 169 215 224 157 153 255
255 153 184 223 153 115 156 145 162 151 233 244 243 184 153 255
255 153 184 242 236 211 200 197 197 240 244 243 242 184 153 255
255 153 184 242 242 243 243 244 244 243 243 242 242 184 153 255
255 153 139 184 184 184 184 184 184 184 184 184 184 139 153 255
255 214 153 153 153 153 153 153 153 153 153 153 153 153 214 255
255 255 255 255 255 255 255 255 255 255 255 255 255 255 255 255
255 255 255 255 255 255 255 255 255 255 255 255 255 255 255 255
255 214 153 153 153 153 153 153 153 153 153 153 153 153 214 255
255 153 138 182 182 182 182 183 183 182 182 182 182 138 153 255
255 153 182 240 240 242 243 244 244 243 242 240 240 182 153 255
255 153 182 240 241 225 219 205 229 247 246 243 240 182 153 255
255 153 182 218 206 199 190 171 189 232 250 246 242 182 153 255
255 153 180 182 194 131 162 197 142 152 128 130 145 181 153 255
255 153 173 213 192 194 200 144 127  85  78  97  89  90 153 255
255 153 172 172 177 196 219 133 136 116  89 100  89  69 153 255
255 153 183 172 161 175 192 196 137 131 166 216 223 153 153 255
255 153 182 221 170 195 181 157 197 208 241 246 242 182 153 255
255 153 182 240 234 218 217 169 216 244 246 243 240 182 153 255
255 153 182 240 240 242 243 244 244 243 242 240 240 182 153 255
255 153 138 182 182 182 182 183 183 182 182 182 182 138 153 255
255 214 153 153 153 153 153 153 153 153 153 153 153 153 214 255
255 255 255 255 255 255 255 255 255 255 255 255 255 255 255 255
255 255 255 255 255 255 255 255 255 255 255 255 255 255 255 255
255 214 153 153 153 153 153 153 153 153 153 153 153 153 214 255
255 153 133 175 175 175 175 176 176 175 175 175 175 133 153 255
255 153 175 231 231 234 237 239 239 237 234 231 231 175 153 255
255 153 175 231 235 216 204 196 218 244 241 237 231 175 153 255
255 153 175 211 168 183 180 162 215 251 248 242 235 175 153 255
255 153 173 184 184 197 188 184 145 143 115 117 132 174 153 255
255 153 166 221 204 194 214 130 106 103  99  82  73  79 153 255
255 153 168 155 172 166 219 123 144 148  81  86  73  57 153 255
255 153 176 159 166 134 194 203 128 125 157 211 216 145 153 255
255 153 175 213 173 228 191 206 183 168 236 242 235 175 153 255
255 153 175 231 231 220 202 212 207 241 241 237 231 175 153 255
255 153 175 231 231 234 237 239 239 237 234 231 231 175 153 255
255 153 133 175 175 175 175 176 176 175 175 175 175 133 153 255
255 214 153 153 153 153 153 153 153 153 153 153 153 153 214 255
255 255 255 255 255 255 255 255 255 255 255 255 255 255 255 255

255 255 255 255 255 255 255 255 255 255 255 255 255 255 255 255
255 214 153 153 153 153 153 153 153 153 153 153 153 153 214 255
255 153 139 184 184 184 182  98  79 157 184 184 184 139 153 255
255 153 184 242 242 243 153 102 102 224 243 242 242 184 153 255
255 153 184 242 243 244 139 107 111 215 244 243 242 184 153 255
255 153 184 243 244 245 136 106 103 169 233 244 243 184 153 255
255 153 184 243 244 184 156  97  65 130 151 240 243 184 153 255
255 153 184 244 222 131 153 119  84 142 162 197 244 184 153 255
255 153 184 244 207 160 180 142 138 150 145 197 244 184 153 255
255 153 184 243 206 168 169 145 167 138 156 200 243 184 153 255
255 153 184 243 220 160 156 155 152 138 115 211 243 184 153 255
255 153 184 242 241 157 162 152 165 162 153 236 242 184 153 255
255 153 184 242 242 221 166 143 175 170 223 242 242 184 153 255
255 153 139 184 184 184 181 172 174 183 184 184 184 139 153 255
255 214 153 153 153 153 153 153 153 153 153 153 153 153 214 255
255 255 255 255 255 255 255 255 255 255 255 255 255 255 255 255
255 255 255 255 255 255 255 255 255 255 255 255 255 255 255 255
255 214 153 153 153 153 153 153 153 153 153 153 153 153 214 255
255 153 138 182 182 182 181  90  69 153 182 182 182 138 153 255
255 153 182 240 240 242 145  89  89 223 242 240 240 182 153 255
255 153 182 240 243 246 130  97 100 216 246 243 240 182 153 255
255 153 182 242 246 250 128  78  89 166 241 246 242 182 153 255
255 153 182 243 247 232 152  85 116 131 208 244 243 182 153 255
255 153 183 244 229 189 142 127 136 137 197 216 244 183 153 255
255 153 183 244 205 171 197 144 133 196 157 169 244 183 153 255
255 153 182 243 219 190 162 200 219 192 181 217 243 182 153 255
255 153 182 242 225 199 131 194 196 175 195 218 242 182 153 255
255 153 182 240 241 206 194 192 177 161 170 234 240 182 153 255
255 153 182 240 240 218 182 213 172 172 221 240 240 182 153 255
255 153 138 182 182 182 180 173 172 183 182 182 182 138 153 255
255 214 153 153 153 153 153 153 153 153 153 153 153 153 214 255
255 255 255 255 255 255 255 255 255 255 255 255 255 255 255 255
255 255 255 255 255 255 255 255 255 255 255 255 255 255 255 255
255 214 153 153 153 153 153 153 153 153 153 153 153 153 214 255
255 153 133 175 175 175 174  79  57 145 175 175 175 133 153 255
255 153 175 231 231 235 132  73  73 216 235 231 231 175 153 255
255 153 175 231 237 242 117  82  86 211 242 237 231 175 153 255
255 153 175 234 241 248 115  99  81 157 236 241 234 175 153 255
255 153 175 237 244 251 143 103 148 125 168 241 237 175 153 255
255 153 176 239 218 215 145 106 144 128 183 207 239 176 153 255
255 153 176 239 196 162 184 130 123 203 206 212 239 176 153 255
255 153 175 237 204 180 188 214 219 194 191 202 237 175 153 255
255 153 175 234 216 183 197 194 166 134 228 220 234 175 153 255
255 153 175 231 235 168 184 204 172 166 173 231 231 175 153 255
255 153 175 231 231 211 184 221 155 159 213 231 231 175 153 255
255 153 133 175 175 175 173 166 168 176 175 175 175 133 153 255
255 214 153 153 153 153 153 153 153 153 153 153 153 153 214 255
255 255 255 255 255 255 255 255 255 255 255 255 255 255 255 255

255 255 255 255 255 255 255 255 255 255 255 255 255 255 255 255
255 214 153 153 153 153 153 153 153 153 153 153 153 153 214 255
255 153 139 184 184 184 184 184 184 184 184 184 184 139 153 255
255 153 184 242 242 243 243 244 244 243 243 242 242 184 153 255
255 153 184 242 243 244 240 197 197 200 211 236 242 184 153 255
255 153 184 243 244 233 151 162 145 156 115 153 223 184 153 255
255 153 157 224 215 169 130 142 150 138 138 162 170 183 153 255
255 153  79 102 111 103  65  84 138 167 152 165 175 174 153 255
255 153  98 102 107 106  97 119 142 145 155 152 143 172 153 255
255 153 182 153 139 136 156 153 180 169 156 162 166 181 153 255
255 153 184 243 244 245 184 131 160 168 160 157 221 184 153 255
255 153 184 242 243 244 244 222 207 206 220 241 242 184 153 255
255 153 184 242 242 243 243 244 244 243 243 242 242 184 153 255
255 153 139 184 184 184 184 184 184 184 184 184 184 139 153 255
255 214 153 153 153 153 153 153 153 153 153 153 153 153 214 255
255 255 255 255 255 255 255 255 255 255 255 255 255 255 255 255
255 255 255 255 255 255 255 255 255 255 255 255 255 255 255 255
255 214 153 153 153 153 153 153 153 153 153 153 153 153 214 255
255 153 138 182 182 182 182 183 183 182 182 182 182 138 153 255
255 153 182 240 240 242 243 244 244 243 242 240 240 182 153 255
255 153 182 240 243 246 244 216 169 217 218 234 240 182 153 255
255 153 182 242 246 241 208 197 157 181 195 170 221 182 153 255
255 153 153 223 216 166 131 137 196 192 175 161 172 183 153 255
255 153  69  89 100  89 116 136 133 219 196 177 172 172 153 255
255 153  90  89  97  78  85 127 144 200 194 192 213 173 153 255
255 153 181 145 130 128 152 142 197 162 131 194 182 180 153 255
255 153 182 242 246 250 232 189 171 190 199 206 218 182 153 255
255 153 182 240 243 246 247 229 205 219 225 241 240 182 153 255
255 153 182 240 240 242 243 244 244 243 242 240 240 182 153 255
255 153 138 182 182 182 182 183 183 182 182 182 182 138 153 255
255 214 153 153 153 153 153 153 153 153 153 153 153 153 214 255
255 255 255 255 255 255 255 255 255 255 255 255 255 255 255 255
255 255 255 255 255 255 255 255 255 255 255 255 255 255 255 255
255 214 153 153 153 153 153 153 153 153 153 153 153 153 214 255
255 153 133 175 175 175 175 176 176 175 175 175 175 133 153 255
255 153 175 231 231 234 237 239 239 237 234 231 231 175 153 255
255 153 175 231 237 241 241 207 212 202 220 231 231 175 153 255
255 153 175 235 242 236 168 183 206 191 228 173 213 175 153 255
255 153 145 216 211 157 125 128 203 194 134 166 159 176 153 255
255 153  57  73  86  81 148 144 123 219 166 172 155 168 153 255
255 153  79  73  82  99 103 106 130 214 194 204 221 166 153 255
255 153 174 132 117 115 143 145 184 188 197 184 184 173 153 255
255 153 175 235 242 248 251 215 162 180 183 168 211 175 153 255
255 153 175 231 237 241 244 218 196 204 216 235 231 175 153 255
255 153 175 231 231 234 237 239 239 237 234 231 231 175 153 255
255 153 133 175 175 175 175 176 176 175 175 175 175 133 153 255
255 214 153 153 153 153 153 153 153 153 153 153 153 153 214 255
255 255 255 255 255 255 255 255 255 255 255 255 255 255 255 255
